1	3	5	7	8
33	34	35	36	37	38	39	40
65	66	67	68	69	70	71	72
97	98	99	100	101	102	103
125	126	127	128	129
142A	143	144	145	146
25	26	27	28	29	30	31
57	58	59	60	61	62	63
89	90	91	92	93	94	95
118	119	120	121	122	123
139	140	141	142
				280		282		284		286		288			290		292		294		296		298			300		302		304		306		308			310		312		314		316		318				
			238		240		242		244		246		248			250		252		254		256		258			260		262		264		266		268			270		272		274		276		278			
		196		198		200		202		204		206			208		210		212		214		216					218		220		222		224					228		230		232		234		236		
        152		154		156		158		160		162		164				166		168		170		172					174		176		178		180				182		184		186		188		190		192		194
					281		283		285		287		289			291		293		295		297		299			301		303		305		307		309			311		313		315		317		319			
				239		241		243		245		247			249		251		253		255		257		259			261		263		265		267			269		271		273		275		277		279		
	195		197		199		201		203		205		207			209		211		213		215					217		219		221		223		225			227		229		231		233		235		237	
	153		155		157		159		161		163		165				167		169		171		173					175		177		179		181				183		185		187		189		191		193	
2	4	6	
