                                    153 152
140 141 142 143 144 145 146 147 148 149 150 151
128 129 130 131 132 133 134 135 136 137 138 139 
-------------------STEP-----------------------
116 117 118 119 120 121 122 123 124 125
105 106 107 108 109 110 111 112 113 114 115
-------------------STEP------------------------
93  94  95  96  97  98  99  100 101 102 103 104
81  82  83  84  85  86  87  88  89  90  91  92
69  70  71  72  73  74  75  76  77  78  79  80
57  58  59  60  61  62  63  64  65  66  67  68
45  46  47  48  49  50  51  52  53  54  55  56
33  34  35  36  37  38  39  40  41  42  43  44
21  22  23  24  25  26  27  28  29  30  31  32
    10  11  12  13  14  14  16  17  18  19  20
        01  02  03  04  05  06  07  08

                  FRONT

Left-Handed:
19, 20, 31, 32, 
43, 44, 55, 56, 
67, 68, 79, 80, 
92, 104, 139, 151
